  0.0000   0    1.000000    0.000000
  0.1250   0    0.992197   -0.124665
  0.2500   0    0.968910   -0.247384
  0.3750   0    0.930502   -0.366242
  0.5000   0    0.877573   -0.479385
  0.6250   0    0.810948   -0.585046
  0.7500   0    0.731668   -0.681578
  0.8750   0    0.640970   -0.767473
  1.0000   0    0.540268   -0.841390
  1.1250   0    0.431135   -0.902177
  1.2500   0    0.315274   -0.948885
  1.3750   0    0.194493   -0.980784
  1.5000   0    0.070676   -0.997378
  1.6250   0   -0.054243   -0.998406
  1.7500   0   -0.178316   -0.983853
  1.8750   0   -0.299606   -0.953946
  2.0000   0   -0.416221   -0.909153
  2.1250   0   -0.526340   -0.850170
  2.2500   0   -0.628245   -0.777921
  2.3750   0   -0.720346   -0.693531
  2.5000   0   -0.801204   -0.598318
  2.6250   0   -0.869560   -0.493767
  2.7500   0   -0.924345   -0.381511
  2.8750   0   -0.964705   -0.263301
  3.0000   0   -0.990010   -0.140982
  3.1250   0   -0.999864   -0.016463
  3.2500   0   -0.994115    0.108313
  3.3750   0   -0.972852    0.231399
  3.5000   0   -0.936407    0.350874
  3.6250   0   -0.885348    0.464873
  3.7500   0   -0.820472    0.571617
  3.8750   0   -0.742792    0.669440
  4.0000   0   -0.653520    0.756816
  4.1250   0   -0.554050    0.832382
  4.2500   0   -0.445933    0.894957
  4.3750   0   -0.330856    0.943566
  4.5000   0   -0.210617    0.977449
  4.6250   0   -0.087090    0.996079
  4.7500   0    0.037795    0.999164
  4.8750   0    0.162091    0.986655
  5.0000   0    0.283857    0.958749
  5.1250   0    0.401194    0.915881
  5.2500   0    0.512269    0.858720
  5.3750   0    0.615350    0.788158
  5.5000   0    0.708828    0.705296
  5.6250   0    0.791244    0.611426
  5.7500   0    0.861311    0.508016
  5.8750   0    0.917938    0.396676
  6.0000   0    0.960238    0.279147
  6.1250   0    0.987554    0.157261
  6.2500   0    0.999458    0.032921
  6.3750   0    0.995764   -0.091933
  6.5000   0    0.976531   -0.215352
  6.6250   0    0.942058   -0.335410
  6.7500   0    0.892883   -0.450234
  6.8750   0    0.829774   -0.558032
  7.0000   0    0.753715   -0.657121
  7.1250   0    0.665894   -0.745955
  7.2500   0    0.567681   -0.823148
  7.3750   0    0.460609   -0.887495
  7.5000   0    0.346349   -0.937991
  7.6250   0    0.226684   -0.973850
  7.7500   0    0.103481   -0.994510
  7.8750   0   -0.021337   -0.999650
  8.0000   0   -0.145822   -0.989190
